calibration parameters
Camera A:
K1:
5426.566895 0.678017 330.096680
0.000000 5423.133301 648.950012
0.000000 0.000000 1.000000

R1:
0.140626 0.989027 -0.045273
0.475766 -0.107607 -0.872965
-0.868258 0.101223 -0.485678

t1:67.479439 -6.020049 40.224911


Camera B:
K2:
5426.566895 0.678017 387.430023
0.000000 5423.133301 620.616699
0.000000 0.000000 1.000000

R2:
0.336455 0.940689 -0.043627
0.446741 -0.200225 -0.871970
-0.828988 0.273889 -0.487611

t2:62.882744 -21.081516 40.544052
